6,263
19
24,48,131,160,280
26,239
77
82
42
16
25
57
21
46,83,109,133,141,150,187,192,230,234,252,266,267,306
56,86,124,231,298
127
39
72
100,154
43
49
99
65,88,176
182,224
152,163,179
52
2,180
84,318
217
104
54,261
236
148
40
5,300
30,238
149,219
1,4,8,9,10,11,13,14,15,17,18,20,22,27,28,29,31,32,34,35,36,37,38,41,44,45,47,50,51,53,55,58,59,60,61,64,66,68,69,70,73,74,75,76,79,81,85,87,89,90,91,93,94,95,96,97,98,101,102,103,105,106,107,110,111,113,114,116,117,118,120,122,125,126,128,129,134,135,137,138,140,142,144,145,146,147,151,153,155,157,158,159,161,164,165,166,168,169,170,172,173,177,178,181,184,185,186,188,189,190,191,194,196,197,198,200,201,202,204,205,206,208,209,211,212,214,215,221,222,225,227,228,235,237,240,241,242,243,244,245,246,247,248,250,251,253,254,255,256,257,259,262,265,268,269,270,272,273,274,276,277,278,279,281,282,283,284,285,287,288,289,290,291,292,293,294,296,301,304,305,307,309,310,311,313,314,315,317,319,320,321,323
123
80,139,171,183,271,275,322
121
174
62,286
7,210
0,12,63,71,78,92,108,115,130,132,143,156,167,175,195,207,216,220,226,233,249,258,260,264,295,299,302,312
162
3,23,33,67,112,119,136,193,199,203,213,218,223,229,232,297,303,308,316
