1,27,73,88,240,265,278,304
8,18,25,35,59,62,66,107,166,178,182,184,219,286
30,84,148,238
26,239
33,223,229,308
40
31,60,80,285,322
114,273
127
13,16,36,52,57,94,96,98,106,110,112,135,146,169,181,196,202,221,237,292,293
72,206
139,183
163
20,34,38,39,42,54,56,74,79,86,90,113,124,125,126,140,153,155,228,231,235,242,243,244,261,290,298
162,257
9,10,21,22,43,46,47,49,77,83,91,101,109,122,133,138,141,150,152,161,173,185,186,187,192,198,208,227,230,234,236,248,252,256,259,266,267,276,301,306,307,309,311,317
195
0,2,3,4,5,6,7,11,12,14,15,17,19,23,24,28,29,32,37,41,44,45,48,50,51,53,55,58,61,63,64,67,68,69,70,71,76,78,82,85,87,89,92,93,95,97,99,100,102,104,105,108,111,115,116,117,118,119,120,123,128,129,130,131,132,134,136,137,142,143,144,145,147,149,151,154,156,157,158,159,160,164,165,167,168,170,171,172,175,177,179,180,189,190,191,193,194,197,199,200,201,203,204,205,207,209,210,211,213,214,215,216,217,218,220,222,224,225,226,232,233,241,245,246,249,250,251,253,254,255,258,260,262,263,264,268,269,270,271,272,274,275,277,279,280,281,282,283,284,287,288,289,291,294,295,296,297,299,300,302,303,305,310,323,312,313,314,315,316,318,319,320,321
65,75,103,176,188,212
81,247
121
174
