0,104,167
8,18,35,66,107,178
15,123
3,23,115
6,24,263
4,29,149,296
30,55,84,148
19,37,159,255,320
28,44,76,160,215
10,21,47,301,309
52,57
31,60,80,285,318
59,62,286
26,63,239
5,67,119,300
33,68
25,146,166,219
71,78,226
20,79,228
56,86,298
38,42,90
248,265
13,16,96,98
70,97,253
75,103,278
95,165,189,196,313
12,108,224
46,109
73,308
11,117,145
113,125,126,153
74,128
114,131,280,319
58,137,191,291
49,101,138,173,236
124,140
127,144
120,147,158,204
43,152
72,157,206
22,41,161
36,110,169
111,170,272
139,183,275
99,175,222,299
65,88,176
17,69,168,177
48,179
2,51,180
94,181,202,277,293
182,184
163,185,307
187,192,230
136,193,199,218,297,316
50,194,315,323
14,82,197,240
151,200
162,254,257
45,112,135,205
130,207
87,100,154,209
7,210,282
89,211,294,317
188,203,212
190,213
92,216,304
217,221
129,134,225
186,227
141,266
155,235,243
106,237,292
229,238
118,241
54,242,261
34,39,244
1,27,164,245,287,322
81,247
132,143,249
9,91,122,208,256
195,258
251,259
233,260,302
85,262,270
220,264,273
40,77,83,133,150,234,252,267
32,93,269
171,271
198,276
201,279
105,281
53,223,268,284
246,288
214,289
231,290
156,295,312
232,303
102,116,142,172,305,314
121,306
61,64,250,274,310
174,311
283,321
